# Back dslam board for our first prototype gocart for IFA
M1:
   rows: 3
   cols: 3
   dt: d
   data: [ 2.0086229174665201e+02, 0., 1.5638833269420209e+02, 0.,
       2.0086229174665201e+02, 1.1906682388172179e+02, 0., 0., 1. ]
D1:
   rows: 10
   cols: 1
   dt: d
   data: [ 0., 7.6929147040980028e-01, 0., -4.8239386206349752e-02, 0.,
       2.7717754138314309e-02, 0., -1.1690649368386478e-02, 0.,
       1.4560697442561252e-03 ]
M2:
   rows: 3
   cols: 3
   dt: d
   data: [ 1.9990612231768949e+02, 0., 1.6240649866076760e+02, 0.,
       1.9990612231768949e+02, 1.2274469744659606e+02, 0., 0., 1. ]
D2:
   rows: 10
   cols: 1
   dt: d
   data: [ 0., 7.7517100090807667e-01, 0., -5.9186115727552002e-02, 0.,
       4.3065722776766686e-02, 0., -2.2012974045345281e-02, 0.,
       4.2742870282239153e-03 ]
R:
   rows: 3
   cols: 3
   dt: d
   data: [ 9.9997552532712364e-01, -2.4534797996098577e-03,
       -6.5520366006360789e-03, 2.4569362665710442e-03,
       9.9999684676418743e-01, 5.1954390026203140e-04,
       6.5507412500553216e-03, -5.3562912093903117e-04,
       9.9997840021198436e-01 ]
T:
   rows: 3
   cols: 1
   dt: d
   data: [ 1.9747480097474044e-03, 1.0098804760410543e-01,
       -9.7208783199133336e-05 ]
R1:
   rows: 3
   cols: 3
   dt: d
   data: [ 9.9980352636959779e-01, -1.9547267403009858e-02,
       3.2883120278076341e-03, 1.9550528093540933e-02,
       9.9980840697184381e-01, -9.6239268883568745e-04,
       -3.2688698629133317e-03, 1.0264918407302207e-03,
       9.9999413038493401e-01 ]
R2:
   rows: 3
   cols: 3
   dt: d
   data: [ 9.9975257099639803e-01, -2.2001964837073583e-02,
       -3.2726639607997430e-03, 2.2000210749987519e-02,
       9.9975780299996997e-01, -5.7102331771534485e-04,
       3.2844349663638524e-03, 4.9888273313332561e-04,
       9.9999448178625983e-01 ]
P1:
   rows: 3
   cols: 4
   dt: d
   data: [ 2.0086229174665201e+02, 0., 1.5939741567748484e+02, 0., 0.,
       2.0086229174665201e+02, 1.2090576066415892e+02, 0., 0., 0., 1.,
       0. ]
P2:
   rows: 3
   cols: 4
   dt: d
   data: [ 2.0086229174665201e+02, 0., 1.5939741567748484e+02, 0., 0.,
       2.0086229174665201e+02, 1.2090576066415892e+02,
       -2.0288577830844201e+01, 0., 0., 1., 0. ]
Q:
   rows: 4
   cols: 4
   dt: d
   data: [ 1., 0., 0., -1.5939741567748484e+02, 0., 1., 0.,
       -1.2090576066415892e+02, 0., 0., 1., 2.0086229174665201e+02, 0.,
       0., 9.9002647411434754e+00, 0. ]
Tc: 
   rows: 6
   cols: 1
   dt: d
   #data: [ 0.12,-0.05,0,0,0.52360,0 ]
   data: [ -0.081,-0.05,0.6,0,0,0]
