M1:
   rows: 3
   cols: 3
   dt: d
   data: [ 2.0083204886176190e+02, 0., 1.5246118584152285e+02, 0.,
       2.0083204886176190e+02, 1.1523490813934684e+02, 0., 0., 1. ]
D1:
   rows: 10
   cols: 1
   dt: d
   data: [ 0., 7.8277648588578352e-01, 0., -7.8593721176342932e-02, 0.,
       7.4499464478198010e-02, 0., -4.0762101313063619e-02, 0.,
       7.3406790710328395e-03 ]
M2:
   rows: 3
   cols: 3
   dt: d
   data: [ 2.0273808747007692e+02, 0., 1.5986822800560029e+02, 0.,
       2.0273808747007692e+02, 1.1964619315112174e+02, 0., 0., 1. ]
D2:
   rows: 10
   cols: 1
   dt: d
   data: [ 0., 7.7787501170561946e-01, 0., -7.6911815732369299e-02, 0.,
       7.5823442379000711e-02, 0., -4.0440489981644588e-02, 0.,
       6.3973976739322615e-03 ]
R:
   rows: 3
   cols: 3
   dt: d
   data: [ 9.9999291820188285e-01, -3.5857742840476980e-03,
       -1.1427024399869989e-03, 3.5843819569599841e-03,
       9.9999283409777751e-01, -1.2181785918057287e-03,
       1.1470623649609190e-03, 1.2140740829028071e-03,
       9.9999860513505323e-01 ]
T:
   rows: 3
   cols: 1
   dt: d
   data: [ 2.7164456026046420e-03, 1.0085440026948214e-01,
       -1.4275045054151271e-04 ]
R1:
   rows: 3
   cols: 3
   dt: d
   data: [ 9.9963731966256320e-01, -2.6923733071561377e-02,
       5.8458133556144010e-04, 2.6924537544673683e-02,
       9.9963646759479008e-01, -1.4148966802202101e-03,
       -5.4627452076039544e-04, 1.4301231071320287e-03,
       9.9999882816533658e-01 ]
R2:
   rows: 3
   cols: 3
   dt: d
   data: [ 9.9953440604108856e-01, -3.0507304207894253e-02,
       -5.2490956889178020e-04, 3.0505802813768183e-02,
       9.9953104119387826e-01, -2.6633971857905224e-03,
       6.0591647610039171e-04, 2.6461443363469633e-03,
       9.9999631538589939e-01 ]
P1:
   rows: 3
   cols: 4
   dt: d
   data: [ 2.0083204886176190e+02, 0., 1.5616470692356157e+02, 0., 0.,
       2.0083204886176190e+02, 1.1744055064523428e+02, 0., 0., 0., 1.,
       0. ]
P2:
   rows: 3
   cols: 4
   dt: d
   data: [ 2.0083204886176190e+02, 0., 1.5616470692356157e+02, 0., 0.,
       2.0083204886176190e+02, 1.1744055064523428e+02,
       -2.0262161795256514e+01, 0., 0., 1., 0. ]
Q:
   rows: 4
   cols: 4
   dt: d
   data: [ 1., 0., 0., -1.5616470692356157e+02, 0., 1., 0.,
       -1.1744055064523428e+02, 0., 0., 1., 2.0083204886176190e+02, 0.,
       0., 9.9116792616263591e+00, 0. ]
Tc: 
   rows: 6
   cols: 1
   dt: d
   #data: [ 0.12,-0.05,0,0,0.52360,0 ]
   #data: [ 0.0,-0.05,0,0,0,3.14159265359]
   data: [ -0.05,-0.05,0,0,0,0]

